DB  11 , 11 , 11 , 11 , 11 , 11 , 11 , 00 , 00 , 00 , 00 , 00 , 00 , 00 , 00 , 00 , 11 , 11 , 11 , 11
DB  11 , 11 , 11 , 11 , 11 , 11 , 11 , 00 , 00 , 00 , 00 , 00 , 00 , 00 , 00 , 00 , 11 , 11 , 11 , 11
DB  11 , 11 , 11 , 11 , 11 , 11 , 00 , 00 , 00 , 00 , 00 , 00 , 00 , 00 , 00 , 00 , 00 , 00 , 00 , 11
DB  11 , 11 , 11 , 11 , 11 , 00 , 10 , 00 , 00 , 00 , 00 , 00 , 10 , 00 , 00 , 00 , 00 , 10 , 10 , 00
DB  11 , 11 , 11 , 11 , 11 , 00 , 10 , 00 , 00 , 00 , 00 , 00 , 10 , 00 , 00 , 00 , 00 , 10 , 10 , 00
DB  11 , 11 , 11 , 11 , 11 , 00 , 10 , 10 , 10 , 00 , 10 , 10 , 10 , 10 , 00 , 00 , 10 , 10 , 10 , 00
DB  11 , 11 , 11 , 11 , 11 , 00 , 10 , 10 , 10 , 10 , 10 , 10 , 10 , 10 , 10 , 10 , 10 , 10 , 10 , 00
DB  11 , 11 , 11 , 11 , 11 , 00 , 00 , 00 , 00 , 00 , 00 , 00 , 00 , 14 , 14 , 14 , 14 , 00 , 00 , 11
DB  11 , 11 , 11 , 11 , 11 , 00 , 00 , 00 , 00 , 00 , 00 , 00 , 00 , 14 , 14 , 14 , 14 , 00 , 00 , 11
DB  11 , 11 , 11 , 11 , 11 , 11 , 00 , 00 , 00 , 00 , 14 , 14 , 00 , 14 , 00 , 00 , 14 , 00 , 00 , 11
DB  11 , 11 , 11 , 11 , 11 , 11 , 00 , 10 , 10 , 10 , 14 , 14 , 14 , 14 , 00 , 00 , 14 , 00 , 00 , 11
DB  11 , 11 , 11 , 11 , 11 , 11 , 00 , 10 , 10 , 10 , 10 , 10 , 14 , 14 , 14 , 14 , 14 , 00 , 00 , 11
DB  11 , 11 , 11 , 11 , 11 , 11 , 00 , 10 , 10 , 10 , 10 , 10 , 14 , 14 , 14 , 14 , 14 , 00 , 00 , 11
DB  11 , 11 , 11 , 11 , 11 , 00 , 10 , 10 , 10 , 10 , 10 , 10 , 10 , 10 , 10 , 10 , 10 , 00 , 00 , 11
DB  11 , 11 , 11 , 00 , 00 , 10 , 10 , 10 , 10 , 10 , 10 , 10 , 10 , 10 , 00 , 00 , 00 , 11 , 11 , 11
DB  11 , 11 , 11 , 00 , 00 , 10 , 10 , 10 , 10 , 10 , 10 , 10 , 10 , 10 , 00 , 00 , 00 , 11 , 11 , 11
DB  11 , 11 , 11 , 00 , 00 , 10 , 10 , 10 , 10 , 10 , 00 , 00 , 00 , 00 , 10 , 10 , 00 , 11 , 11 , 11
DB  11 , 11 , 00 , 10 , 10 , 10 , 10 , 14 , 14 , 14 , 00 , 00 , 00 , 00 , 00 , 00 , 11 , 11 , 11 , 11
DB  11 , 11 , 00 , 10 , 10 , 10 , 10 , 14 , 14 , 14 , 00 , 00 , 00 , 00 , 11 , 11 , 11 , 11 , 11 , 11
DB  11 , 11 , 00 , 10 , 10 , 10 , 10 , 00 , 00 , 00 , 00 , 00 , 00 , 00 , 11 , 11 , 11 , 11 , 11 , 11
DB  00 , 00 , 10 , 10 , 10 , 10 , 00 , 00 , 00 , 10 , 10 , 10 , 10 , 10 , 00 , 00 , 11 , 11 , 11 , 11
DB  00 , 10 , 10 , 00 , 00 , 00 , 11 , 11 , 11 , 00 , 00 , 00 , 00 , 00 , 11 , 11 , 11 , 11 , 11 , 11
DB  00 , 00 , 00 , 00 , 00 , 00 , 11 , 11 , 11 , 00 , 00 , 00 , 00 , 00 , 11 , 11 , 11 , 11 , 11 , 11  